id name age subordinates
1 Taylor3671 24 224,1860,1710
2 Alex3489 37 1123
3 Morgan2067 32 
4 Jamie5362 52 1977,1902
5 Riley9065 63 1964,1635
6 Jamie7577 22 1327,162,1464,1067,1317
7 Sam5802 21 1683,317,907,262,274
8 Alex2274 31 1822,33,1890,365
9 Taylor6984 31 1518
10 Alex3666 65 
11 Riley9108 59 1081,251,1878,1630
12 Sam5213 53 1405,451
13 Jamie1169 26 
14 Morgan8267 46 735,1408,412,1221
15 Morgan294 54 487,895,935,750,993
16 Morgan2504 64 1990
17 Taylor9100 45 
18 Chris1016 57 1276,1880,945,802
19 Jordan7747 30 1833
20 Taylor580 22 
21 Jamie8024 60 1371,300
22 Taylor4248 51 350
23 Alex1114 34 1587,1786,733,1889,114
24 Chris9932 25 1115,1408
25 Riley8307 31 1751,1290
26 Morgan8020 20 461
27 Sam7396 55 187,169,1137,618
28 Sam1084 55 1905,1842,1746,1893,219
29 Morgan2806 39 1576,1998,1917
30 Casey5343 41 1176,894,1471
31 Jamie9472 54 1494,1057,445,982,40
32 Jordan3958 52 341,1228,1726,8
33 Morgan7316 32 1872
34 Drew3373 61 1530,1106
35 Casey8986 51 1356,985
36 Drew4696 61 1516,462
37 Sam2519 22 400,1163
38 Jamie3780 50 1691,781,344,562,263
39 Sam5896 54 1009,1819
40 Taylor6991 38 1642,830,1479,503,74
41 Taylor3768 22 
42 Jamie2475 44 1370
43 Casey3035 63 15,886,160
44 Riley913 29 
45 Drew7651 65 542,840,1244,178
46 Sam6913 35 1533,1003,670,1472
47 Jamie8239 40 647,1642,917,1887,719
48 Morgan7007 54 146,1988,1834,1690
49 Drew2923 25 1996,1341,613
50 Chris4275 61 1768
51 Casey5630 56 691,788
52 Casey4626 22 352
53 Riley6813 65 
54 Jamie7916 20 1308,1721,1160,76
55 Jamie5739 26 1233,1018,920
56 Jordan981 48 659,1929
57 Jordan2757 47 717,234
58 Sam6011 56 121,603,369,1498
59 Chris5137 34 870,1866,1789,1737
60 Drew3735 43 1283,788,1058,941
61 Alex6402 46 913,1856,1980
62 Alex9861 23 1769,1678,794,1458
63 Chris3216 65 1794,1090,143,1026
64 Jamie5006 28 803,1710,302,407
65 Jamie8301 54 
66 Drew3684 38 1590,1354,182,13
67 Morgan19 60 1228,941,1103,1456
68 Jordan8264 43 261,117,80,1296
69 Jamie8022 22 
70 Jamie4846 43 938,503
71 Jamie4886 21 1487,448,74,333,1310
72 Sam8873 62 1787,1066,876,1408,74
73 Morgan6408 21 1647,1845,1100,1142
74 Riley5415 41 703,1700
75 Casey4682 24 377,1455,1186
76 Casey3154 38 1277,1847,927
77 Jordan9122 56 80,105,902,1739
78 Morgan9054 43 1445
79 Drew2987 24 
80 Jordan2904 26 
81 Taylor333 59 1483,1545
82 Sam9284 37 1536,1201
83 Jamie8194 22 1628
84 Casey7304 26 1770,1638,1093,70,1406
85 Taylor5380 35 
86 Morgan8299 42 192,694,1496
87 Sam4076 63 1656
88 Jamie4702 46 1228,1036
89 Riley7511 56 
90 Taylor119 39 249,1146,1138,1863
91 Sam6940 47 1511,456,1370,1914
92 Taylor1258 32 744,1260
93 Taylor3878 59 1441,1370,1833
94 Chris2813 31 
95 Morgan3197 35 1079
96 Casey6439 22 1720
97 Jamie6244 62 1636,1618,1304,483,1818
98 Riley8991 47 
99 Jordan2315 27 1179,648,1797
100 Taylor5589 37 1933,927
101 Sam33 41 1617,48,705
102 Taylor8408 58 1591,1077,1573,940
103 Drew6183 52 335,1511,1295,1386,771
104 Taylor2505 32 980,1543,1498
105 Chris6190 49 1857,766,1618
106 Casey7018 59 1148,1051,1353,349,1558
107 Drew3025 55 1048,1312,596,440
108 Taylor4695 44 612
109 Casey8941 46 
110 Sam8716 24 
111 Taylor5209 53 1071,306,932,278
112 Chris4293 45 622,1241,1928,132,921
113 Chris1266 50 277,1440,143,1369,282
114 Sam939 23 152,952
115 Alex5957 56 667,607,1412
116 Chris6856 54 99
117 Jamie4357 30 
118 Jamie7183 25 1498,235
119 Casey6542 43 1393,967,1090,98,1235
120 Jordan1483 40 1283,263,54,1953
121 Chris7725 64 
122 Alex9353 56 1581,1121,1643
123 Jamie7255 20 253
124 Drew5314 26 1849,137,187
125 Taylor5784 45 
126 Taylor1229 42 1133,1584
127 Riley9993 65 1524,824,1159,402
128 Alex7206 44 
129 Drew6434 64 1370,1305
130 Sam1156 41 1583,230,400,1265
131 Jordan4992 47 477,556,1486,1629
132 Alex6123 54 1107,1681
133 Riley8685 31 205,1205,323,1475
134 Casey3623 23 
135 Alex1476 34 492,66,793
136 Jordan1768 45 438,1855
137 Jordan4827 47 1856,172,287,1581
138 Sam2668 58 1493,1958,710,553
139 Morgan9071 65 797,822
140 Riley1352 37 1423,1540
141 Taylor5244 23 1510,652,1159
142 Jordan1105 50 1221,972,565
143 Morgan3926 56 1532
144 Chris2782 35 1019,132,1296,615,1529
145 Sam8886 41 1538,397,564
146 Morgan2803 42 1669
147 Chris4739 37 166,724,300,755,1709
148 Taylor7327 32 296,1086,752,1524
149 Jamie8671 58 1547
150 Chris2777 50 1471,991,1147,1680
151 Alex3424 42 
152 Riley9788 46 
153 Jordan6983 29 1924,1317,1366
154 Alex1539 31 645,941,1562
155 Jordan5646 47 1181,196,105,721
156 Morgan7433 34 859,882,44,1568,1363
157 Casey2571 52 56,1054,1865,1930
158 Morgan8240 44 1432,1095
159 Jamie2767 53 1195,216,1072,1908,1845
160 Morgan2413 62 
161 Sam2890 57 494,1903,1651,1735,1517
162 Alex4387 41 
163 Drew2027 55 549,982,1280
164 Morgan5050 54 306,492,1828,367
165 Jamie2763 48 
166 Chris4709 50 384
167 Casey2644 38 852,784,1338,1981,1562
168 Drew1633 57 238
169 Jamie7618 43 1916
170 Sam8176 30 
171 Casey5605 45 1590,1926,992,1875,1935
172 Riley3539 30 1188,1057,175,20
173 Riley9192 47 257,1346,891
174 Sam3416 45 977
175 Sam6881 48 1644,63
176 Alex4517 21 
177 Jamie4450 24 1367
178 Drew2776 35 420,1885,1086,799,669
179 Sam6520 33 632,453,92
180 Chris4763 22 611
181 Taylor671 56 632
182 Casey6497 39 957,714,1186,672,1462
183 Jamie7346 24 239
184 Casey9171 55 536,1155,1759,991,538
185 Riley2281 61 1349,939,407,1565,1182
186 Jordan177 35 
187 Alex2024 46 179,1662,1072
188 Morgan9754 22 313,1717,284,1340,1507
189 Jamie580 60 1371
190 Chris9328 47 1218,955
191 Alex3858 21 1285,973,685,360
192 Chris7015 38 729,656,402,1046
193 Sam7786 51 76,1104,1761
194 Morgan1553 64 1812,841,593
195 Casey6656 54 524,424,1203
196 Taylor9760 27 707,1009,1727,1145
197 Riley7328 41 1077
198 Drew8393 20 440,1565,362,1388
199 Alex2766 49 855,1627
200 Drew1321 37 648,1675,1895,1008,750
201 Casey9394 28 1814,864,339,1931
202 Morgan5029 55 
203 Sam2750 38 1051
204 Morgan9531 51 1000,1045,72,1270,827
205 Taylor9523 58 1531,736
206 Morgan2597 24 
207 Riley451 64 1944,1925,993,25
208 Alex6226 55 1060,482,216,1346
209 Jamie9134 44 
210 Drew9012 61 1590,552,1290,1040,1713
211 Sam7815 41 
212 Riley5474 25 
213 Casey8556 57 
214 Chris2930 53 453
215 Jamie8057 33 1822,1083,156
216 Drew9792 32 207,994,1378,432,1432
217 Jamie6131 61 
218 Jamie1943 41 919
219 Jordan2733 31 428,707,1595
220 Morgan7889 38 421,515,1386,528
221 Alex4545 61 1046,378
222 Taylor1251 61 164,1164
223 Jordan7953 38 1330,1354
224 Chris7065 46 785,1383,1307
225 Morgan3004 32 1873,942,510,1792
226 Morgan6457 30 
227 Sam4608 28 1031,1841
228 Jordan6259 44 80
229 Casey5312 56 1367,1253,1817,1437
230 Casey7405 56 784,183,237
231 Chris5488 52 
232 Jamie2739 65 1484,738,1649
233 Alex3958 52 558,748,1080
234 Casey8918 20 1283,270,289,1387,262
235 Chris3022 29 1883
236 Casey7845 27 386
237 Riley4230 57 519,1252,670,731,1220
238 Riley7600 54 
239 Sam2628 36 173
240 Sam7693 21 151,1314
241 Sam2175 48 
242 Jamie9964 46 1429,1877,804,1173
243 Sam704 40 130
244 Chris3021 46 
245 Alex8787 32 1623,83,20,1479,1306
246 Jordan5394 53 499,900,1884,134,1709
247 Drew2250 43 424,123,115,365
248 Alex7253 27 334
249 Casey365 23 1083,1733,122
250 Sam9711 50 
251 Sam4583 25 349,1787,33,372
252 Drew7833 47 1584,499
253 Jamie5066 48 132,1717
254 Sam678 63 1104,1286,155,671
255 Chris7332 50 
256 Casey5804 26 1217,890,1439,1087,128
257 Jordan1723 29 
258 Alex5572 57 
259 Chris9098 32 1219,1018,438,843,188
260 Alex900 55 983
261 Jordan5506 50 969
262 Riley8680 48 1662
263 Morgan1756 20 
264 Chris5114 28 1534,1705,126,235
265 Taylor2415 50 865,1374
266 Sam8520 43 
267 Jordan4771 58 228,76,472,438
268 Taylor1270 35 858,1238
269 Morgan9853 30 1971
270 Drew6407 62 258,1137,1294,552,1956
271 Morgan7516 20 1814
272 Alex8887 26 
273 Jordan4228 60 1590,1699,1134
274 Jordan1531 22 1100,1804,1669,905
275 Taylor2774 58 575,1808,1253,785
276 Jordan9115 43 583,589
277 Alex8205 28 1510,1931,1610,249
278 Taylor8034 26 688,1273,1935
279 Casey9978 55 494
280 Alex4741 27 
281 Riley9889 57 
282 Riley9983 33 743
283 Taylor4357 46 663
284 Sam1491 31 1067,1362,1290
285 Taylor6385 50 1557,1800,1,836
286 Riley8270 24 
287 Drew1158 34 1575,1999,868,633
288 Taylor6237 37 542,1043,895,1535
289 Jamie8888 42 1118,578,1846,102
290 Taylor5093 28 786,1303
291 Chris3806 54 317,922,522,1486
292 Casey707 61 313,1332,1748
293 Drew5716 40 
294 Riley5430 58 1338,700
295 Drew519 55 
296 Taylor2960 29 332,374
297 Morgan7969 61 
298 Drew7278 24 401,1079,1779,318
299 Riley3488 35 610,480,1246
300 Jamie4340 22 185
301 Casey4789 61 898
302 Alex535 38 
303 Riley2219 33 1747,1059,1176,1931
304 Alex4614 48 279,708
305 Sam9617 41 1921,1435,292
306 Casey6766 23 107,838,251
307 Morgan629 63 682,1151,1016
308 Casey2794 22 1084
309 Drew4285 20 1775,1074,1533
310 Sam7026 46 492
311 Chris2180 31 1463,1200,1016
312 Sam2760 37 394,786,1308,204
313 Morgan5036 50 87,411
314 Jamie3356 40 356,59,491,986,375
315 Alex2221 50 47
316 Jordan6981 22 
317 Jamie2781 33 1580,1033,1504,1967
318 Alex538 42 1266,1229,1121,54,1789
319 Jordan6217 34 1060,1260,1096,914,1987
320 Drew255 27 
321 Sam563 33 120,962,320,578,111
322 Casey2854 37 1469,1327,1263,1276,1485
323 Morgan9434 50 
324 Morgan4752 41 1984,1493,1798
325 Alex4634 36 1317,733
326 Casey314 53 977
327 Jamie1761 58 1158,1461,227,547
328 Morgan934 60 701
329 Jamie7583 26 
330 Jordan7421 27 1475,1714,1407,520
331 Jamie7647 46 1527
332 Casey3941 49 1211,126
333 Taylor2602 38 671,1313
334 Casey7739 30 1564,8
335 Alex3507 57 1090,303
336 Sam9311 48 1461,1004,1364
337 Chris1755 48 473,702,1692,169,307
338 Taylor6887 54 998,1762,1901
339 Jamie7422 23 1457
340 Riley9241 57 1742,1450,96
341 Drew5316 52 219,738,795
342 Riley6780 46 1973,545
343 Jamie3824 31 1548,858,1694,612,1380
344 Casey5587 55 
345 Casey8000 64 
346 Taylor5492 30 762,1679
347 Morgan1524 57 1677
348 Jamie1901 40 1302
349 Chris7176 25 
350 Jordan4364 25 
351 Morgan2 33 479,1233,414
352 Chris1165 21 1140,1594,430,48,1246
353 Drew5109 25 19,569,1600
354 Sam6444 37 14,1079
355 Morgan1301 29 108,868
356 Morgan514 31 1654,913,1811,1695,486
357 Drew525 31 476,557,58
358 Riley2114 59 1176,321,525,924
359 Jamie3927 24 
360 Riley8967 34 695,1678,681,357
361 Jamie6014 49 957,1649,901,947,496
362 Jordan2607 54 1025,1995,195
363 Jamie3412 38 1678,1067,112
364 Morgan2004 33 
365 Morgan6887 32 
366 Taylor5357 26 696
367 Jordan3183 27 
368 Drew937 58 1765,728,325,1698
369 Drew3075 20 1157,1040,1052,1269
370 Drew7664 58 355,1527,422,1256
371 Morgan2336 38 1148,1511,1109
372 Jamie2982 60 1354
373 Riley5750 42 1722,927,204,1784,1227
374 Jordan915 49 716,735,1473
375 Morgan1508 30 
376 Jordan6769 33 875,634,621,58,1066
377 Chris9814 33 
378 Casey678 56 335,1100,392
379 Morgan6752 32 
380 Jordan9171 52 673,1707
381 Jordan8010 32 1073,1400,1279
382 Morgan2976 51 1684,1232
383 Casey5477 31 948,1685,1471,960
384 Casey957 58 1366,968,1502,1087,522
385 Jordan7588 31 502
386 Morgan7763 51 
387 Riley7686 32 709,1050,188
388 Sam854 22 1090,1169
389 Jordan7124 31 912,1605,1851,366,1655
390 Alex9334 65 1888
391 Morgan7036 65 600,1503
392 Chris7045 62 168,1207,1399
393 Casey4426 53 123
394 Casey6254 47 
395 Alex2995 20 1699,548
396 Casey9597 28 1879,775,773,868
397 Morgan9437 64 354,1017,1212,224,1087
398 Casey178 35 
399 Drew8016 44 649,1726,545,1626,637
400 Jamie4628 37 
401 Drew6195 60 1899,1731,1558,1649,387
402 Taylor9876 55 1675,668,917,1568,1860
403 Casey8736 39 32
404 Taylor5487 22 1557,1243
405 Sam1805 54 1407,907,860
406 Jordan2907 38 1415,54
407 Riley6785 50 980,1456,982,1978
408 Chris8076 57 193,143,685,1636
409 Chris9180 62 
410 Taylor4539 35 569,1576
411 Morgan8009 56 540,1825
412 Jamie5312 25 954,1936,1848,473
413 Sam8056 25 289,1842,338,640
414 Casey203 20 1870,381,1567,1618,499
415 Riley6187 30 1361
416 Riley6116 46 
417 Chris1415 31 938,1141
418 Jordan1537 53 1509,1051,927
419 Jordan3973 28 151,1249,181,294
420 Morgan1107 55 1381,1601
421 Morgan3778 39 1191,953,1361,1105,239
422 Riley1720 23 480,1127,1231,590
423 Drew7181 53 1064,829,1724,724,82
424 Riley125 62 899,1833,1315,1493
425 Taylor5717 62 
426 Taylor25 22 1027,720,391,1436,421
427 Taylor8660 33 1952,655
428 Jordan4851 48 1720
429 Drew1502 41 1191,1246,1630
430 Alex2302 22 
431 Jamie1083 54 
432 Casey6044 21 1572,915,795,1104,737
433 Riley4774 27 1694
434 Jamie1678 48 1338,1734
435 Morgan379 64 875
436 Sam8708 63 1727,1099,323
437 Jamie5829 60 1500,1108,484,1080,1736
438 Riley8784 52 113,391,98,1088,96
439 Drew38 52 1552
440 Morgan9368 37 60,1798
441 Jordan3502 34 1182,331
442 Jamie7937 31 1065,76,382,412
443 Sam4169 57 1348,347,961
444 Chris8339 44 1061,260,1308,1403,11
445 Chris3687 48 515,1289,1867
446 Drew6936 20 1039,1800,256
447 Jordan6526 32 752,1820
448 Drew407 33 163,1393,555,1976
449 Riley6979 48 1916
450 Casey4859 48 1560,1970,1763,1805
451 Alex3182 52 
452 Chris126 25 1314
453 Morgan6179 26 1794,767,698,1445,1189
454 Jamie7750 33 1910,1943
455 Riley7078 40 
456 Riley9953 64 605,1194,1351,911,1610
457 Alex5500 47 321,803,1081
458 Taylor7301 31 778,1565,52
459 Morgan4305 64 1268,1187,113
460 Morgan8118 46 1286,898,1153,1960
461 Drew519 49 
462 Morgan1723 62 1808,1950,684,1615,1510
463 Alex3681 61 1935,1723
464 Alex4886 41 120
465 Jamie4257 55 1936,1815,654,1154,492
466 Drew3211 47 1914,1547,1604,154,1021
467 Sam4128 29 1468,1061
468 Jordan7339 50 1301,1029
469 Casey1215 32 708,596,644
470 Riley4139 52 1532
471 Riley6877 65 712,1506,1252,1306,142
472 Morgan806 41 1053,1607,1402
473 Morgan6889 65 
474 Riley1704 60 
475 Drew9064 25 31,1831,687
476 Casey9014 23 1790,878,1208,1026,571
477 Chris8883 59 1638,1731,1453
478 Riley8286 45 1695,817,378,1739
479 Morgan1680 45 1649
480 Alex7979 34 1517,1361
481 Jamie6953 22 601,1458,214,205
482 Taylor921 21 1548,212,371,1625,976
483 Taylor2647 20 
484 Drew1844 32 410
485 Jamie9850 34 1333,1390
486 Casey3258 48 444,1876,22
487 Alex7390 52 86,297,1699
488 Jamie9504 63 
489 Sam2278 42 1737,516
490 Sam6160 39 
491 Jamie7011 57 727,658
492 Morgan9466 64 548,957,205,1529,524
493 Drew4003 48 868,1223,1869
494 Sam548 43 1491
495 Riley827 46 
496 Chris2532 24 1318
497 Drew4585 31 1879,1447,147,461
498 Alex2510 25 1738,567,1397,1089
499 Chris7896 27 1601,1486,753,1882,482
500 Drew4379 65 714,378,1865,1025
501 Drew8136 62 1137,40,1992,881
502 Jordan1930 35 1300,723,511
503 Riley5446 22 527,1614,1670,314
504 Drew9327 31 1349,1365,861,197
505 Taylor4991 61 851,1381,998
506 Taylor4786 40 542,400,1337,68,592
507 Drew8382 28 986,1380,1095,1108
508 Casey7832 23 1295,1777
509 Casey9882 64 1573
510 Riley5942 55 1888,119,756,744,1345
511 Jamie8174 51 1194,428
512 Alex3759 27 1767,186,374,375
513 Jamie4661 52 596,348
514 Chris9862 56 
515 Morgan9597 25 58,933,1599,18,1628
516 Chris2996 56 1947,623,17,317
517 Casey2819 34 934
518 Sam3708 60 1184,1631,1297,433
519 Jordan2302 21 787,1251,833,128,491
520 Casey5060 64 1666
521 Casey9224 65 1595,1207,422,1996
522 Jamie4144 39 337,1384,637,1099,1430
523 Jamie4292 50 737
524 Taylor4099 48 1553
525 Jamie4407 31 1291
526 Riley5717 64 520,663,636,385
527 Riley5667 40 1040,1763,1566
528 Taylor1222 38 1776,1267,1895,537,1761
529 Drew9366 30 1076,594,840,843,922
530 Alex8618 64 703,355,1091,1280
531 Jordan6943 42 1428,1288,689
532 Sam1666 32 365,1471
533 Chris5959 24 1516,1819,850
534 Chris9733 29 573,1902,942
535 Riley152 52 735,669,987,1657
536 Sam2503 29 
537 Jamie6314 31 
538 Alex3540 41 1613,1095,1224,1035
539 Casey4207 60 932,1619,1882,315,668
540 Casey1453 28 1716
541 Casey4207 51 
542 Riley5656 53 1735,659,797
543 Jordan9276 42 1596,1838
544 Sam5370 43 1957,1758,547
545 Morgan6906 39 
546 Jamie657 58 304,1401,1669,1856
547 Morgan2326 57 1876,151
548 Casey9057 26 1169,113
549 Chris8942 41 1773,429,1606,1857,1438
550 Riley6772 45 187,1671,1229,1177
551 Casey3948 59 196,778,1079,747,580
552 Riley8142 58 1177,1340,1513,234,300
553 Jordan5806 24 
554 Riley9465 21 248,663,1289,633
555 Jordan7871 65 1001,1781,550,886
556 Morgan2054 30 28
557 Casey2544 56 198
558 Sam8584 62 1525,1278,936,30
559 Taylor8755 43 140,290
560 Morgan4571 60 1168,1206,1185,1690
561 Chris4588 48 
562 Taylor3532 41 1138,1612
563 Alex1225 41 1757,408,856,417,1002
564 Chris5935 43 1655
565 Taylor6466 21 840,171,90
566 Alex4166 51 153,740
567 Riley3311 57 1505
568 Chris4306 50 
569 Taylor2573 42 1026,866,603,1124,657
570 Taylor3791 62 
571 Jamie9927 48 824,1660,383,107,549
572 Alex9016 51 1995,823,577,1611,677
573 Taylor1738 60 63,940,138,661,1595
574 Taylor6362 44 1225,1982,894,1988,1751
575 Riley9187 32 1817,1909,1734,616,1420
576 Sam1396 29 509
577 Taylor98 56 195,540
578 Casey531 49 332,1634,592,276
579 Riley1529 30 870,967,1168
580 Jamie7788 39 
581 Chris5755 65 1020,1226,461
582 Drew6152 25 1786
583 Riley2087 21 1969,211,1194,393
584 Alex8492 53 
585 Taylor7777 22 1961,651,562,1201
586 Riley4499 24 1286,122
587 Casey9122 26 752,1543,1025
588 Jordan1533 51 185,1325,1346
589 Taylor3765 42 582,1171,1619,244
590 Taylor3132 63 911,923,1901,1910
591 Taylor1916 44 382
592 Riley7093 25 551,829,86
593 Taylor6544 28 738,406
594 Taylor7730 50 
595 Taylor934 20 777,995,988,879
596 Morgan2377 27 1314,932,1202,1897
597 Jamie3797 51 707,106,293,33,1333
598 Casey8011 32 
599 Taylor4928 26 1741
600 Drew676 23 1609,1243,1189,601,1124
601 Drew3391 58 1440,635,755,811
602 Riley6334 60 
603 Morgan1941 22 1070,502
604 Chris1382 22 975
605 Jamie5401 27 824,1668,929
606 Sam1785 54 1665
607 Casey3272 44 1222,255
608 Drew8842 24 
609 Alex1688 44 1906,429
610 Chris1750 32 157,655,797,1791,542
611 Drew3421 22 1927,972,13,1747,1228
612 Alex3077 52 
613 Sam5844 49 96,988,18,467
614 Taylor3178 28 1891,962,51,1205,951
615 Sam4971 56 
616 Casey2183 37 647,1886,1001,518
617 Jordan7775 22 1252
618 Morgan6652 49 
619 Jamie8610 32 1567,725,1210,1275
620 Jordan6606 32 
621 Chris2702 37 1986
622 Alex6470 26 
623 Jamie7736 28 
624 Morgan2067 35 1345,555
625 Chris551 30 1199,1256
626 Chris8680 60 1083,1486
627 Casey6187 20 13,216
628 Drew5445 51 1812,201,595,226
629 Sam8754 46 189,455
630 Casey9396 26 
631 Casey9524 53 
632 Casey1405 38 
633 Morgan6693 51 84,762,1187
634 Taylor4322 65 1116,132,737
635 Alex4385 64 973,547,1514,1417
636 Casey459 34 1062
637 Sam2809 61 1119,1510,1232
638 Morgan9045 62 1020,1722,659
639 Jordan585 52 1734,181,856
640 Riley7910 65 1103
641 Alex297 51 1324
642 Chris9584 44 1550,694,695
643 Drew9422 25 359,337,190,1810,1519
644 Chris9366 32 328,455,1075
645 Drew5665 56 80,256
646 Alex6545 55 
647 Riley7026 25 683,502,1466,1739
648 Chris3014 53 477
649 Sam3518 39 1361,1268,750,1552
650 Drew5049 35 290,1631,1730,1671,51
651 Taylor3992 32 1673,955,1075
652 Morgan6380 26 1476,1466
653 Riley1088 32 1619,572,1414,1301
654 Sam4801 63 1797,425
655 Casey8450 57 1830,141,62,1775,1862
656 Casey7773 45 32
657 Jordan8304 58 106,894,487,801,1902
658 Casey7482 49 1402,450
659 Alex5631 49 
660 Chris7907 54 615,261,327
661 Jamie239 38 
662 Casey8105 27 
663 Morgan9119 24 1833,1679
664 Chris3050 27 1813,1844
665 Drew6957 42 303,1017,1024
666 Riley6900 55 1284,958,1802,1918,1779
667 Drew3734 40 702
668 Chris6825 59 789,133,940,1856
669 Jamie9007 32 1322,1876
670 Jordan9762 64 1330,1426
671 Jordan517 57 
672 Alex7694 41 
673 Jordan7185 42 
674 Alex3539 45 983,1866,1536,473
675 Jordan5665 38 1230
676 Jamie2572 63 
677 Drew677 57 1698,1129
678 Chris496 51 843,1086
679 Morgan309 33 1949,1421,884,1993,52
680 Morgan2237 59 
681 Jamie5447 62 1624,1436
682 Jamie2564 28 1856,1056
683 Casey4483 40 1899
684 Drew7190 64 1337,613,1469,430,1496
685 Jamie950 21 1931,23
686 Drew521 39 487,1671,837
687 Taylor3130 60 1103,313,1231,1078,38
688 Alex6873 26 638,3,206,1834,1794
689 Jordan5388 38 
690 Jamie2743 40 1383,706
691 Jordan7115 20 391,1067,1136
692 Jordan6938 52 1065,963,1600,443
693 Jordan2146 43 868,214,70
694 Casey1569 47 1649,1805
695 Jamie7160 42 443,1733,99,1539,1126
696 Morgan9650 25 909,348
697 Sam3153 31 725,1752,1043,1211
698 Drew7654 37 
699 Casey8460 36 1238,398
700 Taylor1218 39 1891,240,1312
701 Drew3875 43 1263,38,761
702 Riley9832 33 
703 Alex9150 37 497,813
704 Jamie7427 50 1593,1568,189
705 Chris8592 47 1835,589,1117
706 Morgan4649 65 601,508
707 Riley610 24 
708 Taylor6506 37 592,953,1487,33,747
709 Morgan3790 28 1363,118
710 Chris9081 62 1146,391,556,1182,679
711 Jamie5219 59 77,1380,15,1235,658
712 Chris3134 41 482,1475,979,1394
713 Alex6161 25 
714 Casey5507 21 
715 Drew5126 49 1876,1462
716 Chris2799 45 1940,881,1018,1619
717 Drew9204 57 1941,549,1740
718 Casey259 52 532,970,1762
719 Drew1722 63 
720 Sam415 64 
721 Casey16 47 1375,1004,550,87
722 Chris9699 36 440,305,1371
723 Jordan2359 47 671
724 Jamie7931 34 442,1672
725 Drew4893 40 850,1021,8,1915
726 Jordan8440 50 1068,769,348
727 Sam3395 54 189,1139,962,1829
728 Chris6405 26 1030
729 Jamie8698 38 1708,159,1565,115,725
730 Jamie5380 62 
731 Drew9708 51 181
732 Jamie1632 44 1241,1242,607
733 Riley256 47 
734 Morgan294 47 165,646
735 Drew154 43 434
736 Drew3190 54 1821,1088
737 Chris2931 56 1071,230,870
738 Jordan7942 61 
739 Alex696 65 542
740 Taylor3862 36 1652,733,252
741 Chris788 51 1011,1859,101,1432
742 Sam5615 57 455,1759,1664,1418,1730
743 Casey1801 23 145,455,140,920
744 Jamie8730 60 1868,471,369,111,516
745 Morgan1126 48 1885,388,1661,1945,524
746 Riley7480 29 365
747 Casey8109 36 1508
748 Jordan3510 42 696,1887,176
749 Taylor3223 25 441,326,983
750 Morgan2066 41 1845,1942,1553,459,1590
751 Casey2952 39 1678,238,1365
752 Alex9445 48 1837,1699,1720,1824
753 Casey8496 40 1720,758,1624
754 Alex5686 43 1433,849,364,479,654
755 Riley7467 49 1310,635,840,338,1063
756 Drew4821 57 348
757 Taylor5849 58 250,1424,1539,1659
758 Jordan1642 43 406,663,746,738,1655
759 Jamie7658 50 993,340,1953,353,1319
760 Alex6750 34 
761 Jamie5373 22 
762 Sam7801 27 1522,555,1600,853,534
763 Sam6521 32 221,1996,1952,1139,812
764 Chris499 64 878,922,39,1543
765 Morgan9615 41 
766 Taylor7644 26 1484,295,794
767 Alex8387 32 720,1940,1827
768 Riley456 61 451,616,1801,139,209
769 Sam9735 40 1663,420
770 Jamie2797 45 293,1222,1776,694
771 Morgan9229 33 1372,1870
772 Jamie629 59 896,81,817
773 Chris4347 45 1408,1652
774 Chris4524 55 
775 Taylor4700 40 1161,1274,1396
776 Jamie6331 22 537,398,792,1357,181
777 Drew3531 27 1673,1491,827
778 Casey4646 48 
779 Sam5330 30 485
780 Jordan7620 48 100,1210,1515
781 Riley9040 47 1567,954,670,1331,544
782 Morgan2188 64 462,1249
783 Chris8643 47 1665,458,1244,1667
784 Alex4487 25 643
785 Riley2883 28 116,907
786 Sam341 40 
787 Taylor8627 43 371,302
788 Riley2940 39 946,1784
789 Alex756 26 81,1000,642,673,554
790 Sam5720 49 25,1654,263,228,1808
791 Chris9113 22 1336,1254
792 Riley6951 22 320,1448,343,21,188
793 Casey4288 55 979,1056,1170
794 Alex6101 50 1851,519,1495,1546
795 Jordan5398 35 
796 Casey2582 46 1351
797 Alex3390 60 
798 Drew4412 25 1608,1256
799 Taylor1740 61 1689
800 Jordan6348 53 682,1343
801 Chris4891 44 1644,1267,1764,516,705
802 Casey8669 38 718
803 Sam352 49 1750,1122,712,1640
804 Drew3611 55 634,366,235
805 Jordan683 40 1858,366
806 Taylor5702 22 730,532,1908,1000,1874
807 Jordan746 47 1180,1117,1055
808 Jamie2907 57 533,1782
809 Jordan9649 38 1069
810 Morgan2285 40 467,11,1416
811 Drew7962 24 7
812 Chris9109 27 1067
813 Jamie5442 41 
814 Riley4123 39 
815 Chris5947 51 745,700,1716
816 Drew9452 61 1810
817 Morgan5128 38 807,1129,1782
818 Jamie1377 55 1627,752,655
819 Casey4675 58 1116,1526
820 Jamie1998 41 
821 Casey557 60 405
822 Casey8827 47 1682,1306,742,1286
823 Drew9809 58 1408,1805
824 Riley7231 44 861,942
825 Riley5174 57 851,133,86,627
826 Riley6546 46 281
827 Jamie5988 22 1546
828 Casey1728 59 305,1089,177
829 Chris8660 50 
830 Alex1458 49 545,910,117
831 Taylor3063 22 
832 Jamie8000 27 644,606,646,817
833 Morgan5839 25 125,927,1127,1287
834 Morgan6655 34 1348,1241,475,292,755
835 Morgan2633 27 28,788,763,797
836 Drew7979 37 36,1015,710,1751
837 Jamie2818 25 1027,1385,90,62,86
838 Drew8467 32 1714,309
839 Morgan8159 39 145
840 Morgan4537 38 467,702
841 Chris7460 55 560,512,1360,1413,492
842 Chris8258 61 1970,1034
843 Riley3110 31 1434
844 Taylor4407 35 1071,72,1913,1239,1331
845 Drew8201 40 1085,498
846 Riley6321 53 1956,283,329,1790
847 Sam1554 50 1072,146,1778
848 Taylor3522 60 
849 Morgan9386 56 801,39,804
850 Sam4836 44 1595,131
851 Drew6209 45 1733,1785,960
852 Riley6578 61 252
853 Riley9383 41 425,1856
854 Jordan5876 43 1054,1931,991
855 Casey1938 49 527,825
856 Casey9450 63 361,1437,1627,1183
857 Alex1465 49 
858 Alex8705 22 1999,490,484,1579,742
859 Alex1798 48 165,213,1181
860 Casey6807 38 1852,1888
861 Drew7455 55 35,1914,1120
862 Chris9661 27 1456,450,278,349
863 Drew4032 30 83,855,893
864 Riley1169 60 1559,61,609
865 Jamie678 51 
866 Drew261 45 565,1101
867 Drew9022 31 
868 Drew1734 63 799
869 Chris7688 37 1052,1061,969,441,485
870 Riley2359 55 
871 Chris470 31 
872 Sam5811 20 1444
873 Riley715 38 982,152,1107
874 Morgan6012 39 1458,1850,1133,1354
875 Jordan7741 24 712,1795,202,1436,309
876 Morgan3588 52 112
877 Drew4968 44 1997,689
878 Alex94 63 219
879 Chris7363 36 1833,502
880 Alex4714 48 1123
881 Drew6300 24 1690,1595,494
882 Drew6755 35 638,206,816,312,1636
883 Alex3747 50 70,1507,1855,450,1397
884 Chris9971 52 1380,1399,466,1696
885 Morgan6728 42 1389,1010,1534,586
886 Alex7528 59 
887 Sam3815 55 181,273,1881,891
888 Riley4110 56 1940,113
889 Riley2333 42 560,90,548
890 Casey1880 55 347,482,354,557
891 Chris4547 57 636,1885,1388
892 Morgan6078 59 512,948,1048,798
893 Jordan8763 35 1948
894 Taylor203 63 1801,1115,1362,1019,431
895 Taylor6565 51 1321,679
896 Jordan2168 44 
897 Taylor2948 21 
898 Taylor467 65 
899 Morgan551 24 1879,1220
900 Sam5679 56 1206,186
901 Sam3329 42 1927,1325,187,1778,22
902 Sam6809 43 1307,1148,1639
903 Chris7784 33 608,1327,14,1897,187
904 Alex4826 27 1547,1168,1322,852
905 Morgan1894 22 597,1448,125,734,786
906 Drew2794 64 1128,1976,1449,128
907 Morgan3844 61 1245,1042,220
908 Sam2256 47 533
909 Taylor8618 28 
910 Jordan7735 28 1620
911 Morgan314 21 
912 Alex6770 28 646,1055,448
913 Alex397 41 1508,1857,751,780
914 Jamie1263 28 1853
915 Chris6286 43 139,538,593
916 Jamie2508 30 994,195,1756,1651
917 Morgan970 53 734,314
918 Casey4215 59 103,1945,1615,866
919 Jamie676 32 700,1097,470,1084,1255
920 Drew3443 44 1800,546,814,671
921 Riley8983 44 663,1849,1103
922 Taylor6160 65 1624,488,891,741,1194
923 Jamie7088 43 335,131
924 Riley2854 38 1130
925 Alex5473 24 1715,51
926 Jordan6498 64 581,901,1667,1323
927 Riley5514 60 1318,803,1023
928 Jamie5795 24 1242
929 Riley2433 63 140,257,1638,1953
930 Drew4245 59 1338,95,725
931 Casey4642 39 780
932 Taylor6410 64 
933 Sam3731 27 1458
934 Alex5311 28 
935 Jamie2377 36 1553,534,1180
936 Alex7172 27 1003,842,774,469
937 Chris8421 45 270,977,141
938 Casey6981 52 917,1598,62,1934,565
939 Sam8747 22 892,1212
940 Jordan9676 54 292,344
941 Sam8583 44 1556,1720,325,1724,1872
942 Morgan5006 40 
943 Riley7264 32 
944 Casey5786 59 476
945 Riley8730 45 1146,181,325
946 Taylor4446 27 1955
947 Casey9160 64 969,435,1832,337,1001
948 Jordan6107 48 1107,870,1897,1726,1017
949 Casey1394 33 343,1159,852,330,1011
950 Jordan9512 60 
951 Sam7864 34 614,584,1327,552
952 Drew4150 56 
953 Sam6217 50 923,1917
954 Drew9501 41 1410,544,943,826
955 Chris1328 59 699,497
956 Chris1340 52 457,213,1508
957 Jordan3943 23 1877,757,823
958 Morgan7191 63 
959 Sam6340 43 645,560,1074,1824,1994
960 Taylor7576 61 1614,1981
961 Jordan1071 42 902,1013,1061,176,183
962 Chris5003 60 1773,81
963 Morgan3180 47 
964 Alex9892 31 
965 Morgan2065 37 808,1516
966 Chris2866 45 1044,1787
967 Morgan5180 23 
968 Taylor4454 43 415,1555
969 Riley2229 40 1916,1826,115
970 Drew791 38 297,1896,1497,782
971 Morgan3846 37 1637,766,1220
972 Sam9722 50 1208,1180,1441
973 Taylor9382 64 1746,281,795,1748,1441
974 Drew8136 20 1693
975 Chris2151 20 954,641
976 Drew1074 61 1591,870,1921,143
977 Drew4913 44 119
978 Sam8943 57 1811
979 Alex4672 60 237,443
980 Riley893 21 239,877,1851,470,1471
981 Drew3644 50 661,1797,827,1628,216
982 Casey8210 22 
983 Chris5481 35 
984 Drew4404 63 1626,1904,358
985 Sam8965 34 880,1694,763
986 Taylor4039 36 1390
987 Riley2449 20 209,1216,1687
988 Taylor4 56 986,670
989 Jamie2403 25 1000,375,1765,276
990 Jamie2973 57 1704,1428,648,1663
991 Morgan3647 21 326,1883,6,1200
992 Alex5351 47 1703,1951,1518,745
993 Taylor6050 37 1771,597
994 Alex2904 43 275,1215
995 Chris7677 52 
996 Riley9846 55 
997 Casey5139 64 535,622,1733
998 Morgan5050 46 1510,28,516,21,625
999 Riley8391 59 1655,1935
1000 Alex3452 25 
1001 Jordan703 24 
1002 Sam5778 49 709,65,767
1003 Jamie6814 35 904,73,154,1720,1582
1004 Drew2984 46 932
1005 Riley9853 37 1344,1471,797,1593
1006 Casey1120 63 214,113
1007 Drew6499 33 1737,1377
1008 Jamie1919 47 1210,326,207
1009 Drew7118 42 1192,635,39,1537,1686
1010 Jordan9240 39 107,574,1695
1011 Chris7252 29 921,1370,428,1435,1291
1012 Sam4601 38 1752,906
1013 Riley1922 37 
1014 Alex301 64 1184,1421,1939
1015 Riley9619 61 1717,1496,1714
1016 Sam360 59 995,456
1017 Morgan132 29 1710
1018 Sam5625 60 751
1019 Casey7951 38 1943,1924,32
1020 Sam1789 63 
1021 Jamie7718 25 1193,963,1070
1022 Taylor7000 23 442,793,1768,795
1023 Alex3825 45 1566,49,1019,387,1944
1024 Riley3738 27 964
1025 Riley2910 47 272,1828,1151,883
1026 Casey4498 31 
1027 Sam4496 59 1233
1028 Alex9684 55 645
1029 Riley533 41 1366,589,66
1030 Jamie9010 37 1927,673,1811
1031 Taylor956 65 1826
1032 Morgan1352 55 1557,111,1126,40
1033 Sam5572 47 635
1034 Riley2602 48 474,1832,346,1164,1953
1035 Sam9146 24 671
1036 Chris607 45 782,1242,1562,767
1037 Jamie5735 26 946,1585,1139
1038 Alex7412 29 691,1295,853,1129
1039 Drew9073 49 345,1561,42,1370
1040 Alex8336 53 921,1735,1993,1960
1041 Drew8650 23 322,1554,599,261,1963
1042 Chris5224 20 1508
1043 Jamie4279 46 1223,1773,1350
1044 Sam5068 26 97,1815,866,837
1045 Drew9784 38 1422,1155
1046 Alex8386 36 201,1147,1474
1047 Chris9394 64 38,856,1092,1995
1048 Drew5069 20 1204,1651,1516
1049 Morgan310 28 
1050 Morgan1746 63 797,1973,1847
1051 Drew4219 38 1681,681,483
1052 Chris9480 23 719
1053 Jordan5215 55 
1054 Riley5213 41 1201,103,59,1228,1351
1055 Drew5645 36 1575,92
1056 Sam1600 49 
1057 Morgan1506 26 1436,1810,1162,1883
1058 Jordan8319 40 1471,1095,56
1059 Casey7068 56 1002,1608,643,948,18
1060 Casey4605 28 331,1461,293,354
1061 Alex5768 27 
1062 Drew8325 49 931,1085,275
1063 Riley2727 26 1000,459,1114,658,1505
1064 Casey188 58 1066,1220
1065 Sam2312 29 1858,460,409,48
1066 Alex7854 40 1285,1555,774,734
1067 Alex610 46 1115
1068 Jordan7045 49 1188,753,1400,91
1069 Alex9041 20 779,1347,765
1070 Chris4068 65 1562,897
1071 Alex3237 33 305,1154,1931,155,1839
1072 Jamie1823 21 213,689,264,1638
1073 Taylor2570 30 554,1218,160,170,1298
1074 Taylor5337 59 1816,533,392,315,1918
1075 Casey6077 55 579
1076 Riley9323 61 822,982
1077 Riley6744 25 1721
1078 Chris6867 22 94,1201
1079 Riley7065 36 1687
1080 Alex8814 57 1040,1989,1019,741
1081 Morgan4646 46 1478
1082 Alex1766 29 
1083 Jamie6427 48 998,1065,1381
1084 Jamie7922 29 1503,141,1686,1032,1053
1085 Taylor5370 21 670,354,1739,332
1086 Sam923 51 
1087 Jordan4433 35 78
1088 Chris1176 65 179,717,643
1089 Drew3646 61 622,1182,1984
1090 Jordan3009 53 1026,139
1091 Taylor9417 42 1068,32
1092 Morgan489 46 730,684,1619,229,738
1093 Alex8690 25 186,1624
1094 Jordan2762 37 401,1902
1095 Riley6552 34 960
1096 Morgan5913 54 64,3,913,699,543
1097 Jordan141 37 
1098 Jamie8455 40 
1099 Riley6508 27 
1100 Jamie1024 41 561
1101 Riley814 35 898,291,1183,623
1102 Taylor2146 64 800,140,750
1103 Sam7980 23 1499,1179,240
1104 Morgan2570 48 823
1105 Jamie5817 27 1363,1579
1106 Taylor8094 34 1415,1017,634
1107 Drew164 56 60
1108 Taylor6687 31 1407,1774,1846
1109 Jordan7534 42 
1110 Alex8238 31 
1111 Drew1557 51 1086,1617,143,1137,1296
1112 Morgan6403 45 575,1263,969,772
1113 Riley6690 54 1317
1114 Morgan8711 21 1696
1115 Taylor2511 22 1702
1116 Morgan8854 44 216,812,397,1119,1169
1117 Drew4649 32 1592
1118 Morgan715 48 1848,146,1153
1119 Sam5283 57 1299,3,1585,437
1120 Alex8240 44 277
1121 Taylor2093 34 
1122 Drew4172 28 1932,1655,734
1123 Casey9746 42 747,1971,40
1124 Chris568 27 552,222,524,539,364
1125 Morgan8873 36 
1126 Alex5745 41 820,728,1791,1423
1127 Alex4029 59 1655,1353,1785,1418
1128 Jamie2765 44 1276
1129 Jamie9853 50 175,1515,341
1130 Jamie6036 45 395
1131 Casey2621 64 653,1160,947,1857,1037
1132 Morgan2528 38 1680,235,1176
1133 Chris8773 43 1438,635,37,471,1358
1134 Alex1465 57 313,1247,1931,1627
1135 Chris144 35 733,1952,1232,1575,157
1136 Sam7877 35 1529,1622,684,521
1137 Alex3665 64 
1138 Morgan6865 50 
1139 Sam371 33 716,1608,1388,1260,1058
1140 Taylor6136 40 942,1579,1994
1141 Jordan3069 40 
1142 Jordan891 55 1113,1169
1143 Casey6426 37 1012,1879,1103,1222
1144 Drew8402 30 639,1705,491
1145 Drew3344 62 590,879
1146 Jordan563 54 1807
1147 Casey8690 36 547,877,1903,1283,1537
1148 Casey9713 55 1331,296,1405,366
1149 Alex8203 41 1298,502
1150 Casey3372 26 355
1151 Alex6693 21 48
1152 Riley9580 32 359,266,1972,307
1153 Sam364 43 526,8
1154 Jordan2039 24 1698,1413,19,1497
1155 Alex4264 24 1256
1156 Jamie9825 64 
1157 Jamie9055 32 316,160,131
1158 Morgan6545 24 298,358,906,595,113
1159 Jamie1824 46 973,1510,1750,893,596
1160 Casey8810 22 1786,2000,195,767,1497
1161 Alex6509 42 1872
1162 Taylor3751 62 404,408,1548,1166,280
1163 Jordan9934 52 1784,1680,223
1164 Jamie2551 62 1990
1165 Drew7848 49 
1166 Casey6413 27 39,436,1635,934,1402
1167 Chris722 50 102,61,239
1168 Casey3494 59 426
1169 Taylor9472 47 1445
1170 Chris7222 43 378,1416,1364
1171 Morgan7841 63 
1172 Jordan4228 30 1914,1234,111,1781
1173 Sam4909 20 57
1174 Chris5542 50 
1175 Taylor191 21 1012,1955,1656
1176 Chris6225 29 1294,1117,568,419,1001
1177 Sam6763 37 1996,263,472,200,726
1178 Casey2316 65 
1179 Sam1604 36 1378,907,1182
1180 Sam500 44 171,1840,1682
1181 Alex6748 45 1056,363,351,1335,323
1182 Riley9943 63 247,1088,953,498,261
1183 Morgan4142 51 1414,1837,1477,1279,1681
1184 Riley6193 53 887,1706,738,890,1025
1185 Taylor8434 55 
1186 Casey5828 23 
1187 Morgan4926 29 85,1039,732,927
1188 Chris4583 64 690,959,810,807
1189 Riley6321 36 1026,1875
1190 Taylor6159 23 335,1034,990,488
1191 Chris3117 58 1443
1192 Drew4459 51 1788
1193 Casey9421 35 26,6,1711,1392
1194 Jordan1847 30 1990,489,1712
1195 Jamie666 21 230,1701,1663,981
1196 Morgan5452 39 640,877,935,1472,936
1197 Chris5031 30 641,521,1508
1198 Casey9775 42 
1199 Jamie5989 45 
1200 Riley8208 33 393,1965,1274,1536
1201 Drew9619 40 1760,682,12,1609,1142
1202 Chris3181 40 1979,746
1203 Chris7657 41 
1204 Alex5653 31 1307,1586
1205 Morgan5677 21 1434,175
1206 Morgan7143 47 
1207 Riley7508 59 1761,1146,1747,1663
1208 Casey8844 24 
1209 Casey951 20 338
1210 Jordan6540 52 649,1011,573,1169
1211 Jordan9727 42 
1212 Jamie2817 53 339,248
1213 Casey9878 26 1586,1176,1326,1830
1214 Jamie8351 59 513
1215 Sam6416 42 1385,261,1288,702
1216 Casey5316 44 900,1887,1840
1217 Sam7238 48 96,285,1127
1218 Chris4706 21 1857
1219 Casey2733 47 802,1266,36
1220 Drew5626 55 49,594,1044,826
1221 Jordan5311 53 521,1865,1929,438,1246
1222 Alex9603 45 808,1124,576,1149,1096
1223 Morgan4100 62 1467,1976,2,1839,1692
1224 Morgan4593 54 1707,12,669,751
1225 Jamie4088 38 1565,351
1226 Jamie5823 44 1905,284
1227 Casey9332 65 1390,1899,1044,1316
1228 Riley2891 34 1370,1376,1363,300
1229 Jamie1685 57 665
1230 Casey8111 39 1179,695,1157
1231 Alex4417 65 565,479,1362,584,387
1232 Morgan9591 45 1241,1384,1394,1952,1054
1233 Taylor875 34 843,1107,1717
1234 Jamie2245 33 1716
1235 Jamie2493 31 1623,1778,1418
1236 Jordan2172 61 365,749,376,1442,651
1237 Sam1622 58 766,1451,425,936,1568
1238 Alex6387 34 
1239 Sam3439 30 
1240 Alex8780 45 1353,1135,748,57,1943
1241 Alex7524 25 1239,576,1601,1261
1242 Chris9209 52 14
1243 Jamie1039 27 1280,1546,57
1244 Riley5192 54 
1245 Riley9345 24 953,1123,1927,1224
1246 Jordan3793 50 85,557
1247 Drew5213 23 1587,1456
1248 Drew8189 34 
1249 Drew4634 26 1116,74,1124
1250 Drew5569 64 
1251 Drew2809 44 1670
1252 Jordan5079 62 1601,550,1851,1468
1253 Jamie722 35 361,367,1590
1254 Drew6621 23 1345,471,818
1255 Alex8248 29 377,1209,1483,245
1256 Sam2649 32 
1257 Chris1800 64 
1258 Chris5838 29 1523
1259 Sam1602 37 29,1975
1260 Taylor1012 33 
1261 Sam4144 63 
1262 Jordan4405 34 456,1516,1332,1392,192
1263 Sam9906 36 
1264 Casey7572 35 
1265 Alex8735 64 1954,222,575,1322,276
1266 Sam235 23 962,917,1468,918,1785
1267 Morgan7399 64 784,67,927
1268 Casey4747 26 665
1269 Sam9444 41 1943,29
1270 Jamie6048 26 
1271 Chris4997 33 708,73
1272 Morgan3782 21 1968,1815
1273 Morgan4533 47 902,836
1274 Riley9859 28 232,1992,1416,1454
1275 Chris6346 57 1107
1276 Drew8370 25 413,1257
1277 Jamie3469 28 1592,1708,666
1278 Jamie7709 55 1699,1054,395,943,1377
1279 Jordan5264 31 99,258,868
1280 Sam1548 32 1473,1110,271,1126
1281 Drew7078 36 1871,1659
1282 Morgan449 60 1837,662,233,1861
1283 Jamie3787 36 1143,1785,598
1284 Morgan7606 33 
1285 Jordan6350 35 633,1469,1045
1286 Morgan6444 53 1368,1413,249
1287 Riley1012 41 909,317,1325,604
1288 Sam7051 40 626
1289 Drew2193 43 
1290 Jordan6132 65 1478,622,111,701
1291 Casey3795 59 1927
1292 Sam5396 30 
1293 Drew5414 31 1689,872,37,1210,1090
1294 Riley8438 47 776,1694,17,530
1295 Sam3352 27 201,1428,604,1158,1475
1296 Alex133 37 11,161,415,240,831
1297 Taylor6965 46 930,677,817
1298 Chris7070 26 
1299 Morgan2648 63 756,1657,513
1300 Riley8154 27 970,476,1713,1720
1301 Drew8695 24 832,448
1302 Jordan1065 60 151,1845,168
1303 Riley7162 50 1426,1504,1407,465
1304 Taylor8519 59 1738,114
1305 Jamie8457 51 153,143
1306 Riley9214 60 589,5,1697
1307 Jordan9053 59 1151,817,1668,717
1308 Sam3995 36 1498,1823,331
1309 Chris4183 21 655,909,1826,1502,1092
1310 Alex8044 31 
1311 Jordan4630 44 
1312 Taylor4407 22 747,1411,578,620
1313 Chris2416 46 684,1348,988,1019
1314 Casey991 28 
1315 Alex1511 40 1400,729,199,1350,1189
1316 Morgan456 51 1621,1622,1932,495,858
1317 Morgan5371 63 458,1711,379,1614
1318 Morgan177 24 1402,231,267,1712
1319 Drew840 40 1668,1520,618,239,1094
1320 Riley48 32 1497,1152,873,652
1321 Casey4609 45 976,124,978,1775
1322 Chris1732 41 1991
1323 Alex2901 41 1716,1449,596,1074
1324 Riley8604 64 
1325 Sam2012 27 657,100,190
1326 Casey745 50 747,114,563
1327 Riley3972 43 
1328 Chris6661 47 1984
1329 Alex3630 28 1088,1356,1506,362,1181
1330 Drew6912 43 
1331 Morgan8950 36 
1332 Taylor8363 36 1314,725,1506,421
1333 Taylor4620 34 425,997
1334 Jordan2670 22 1951,1934,992,918,1346
1335 Casey3391 48 1956
1336 Casey359 42 270
1337 Alex6670 55 
1338 Alex6492 38 926,1538,1995,466,1065
1339 Alex7477 40 641,1120
1340 Taylor4549 59 680,948,1842
1341 Alex6086 31 1858,1701,96
1342 Casey9459 44 1619,713,1343
1343 Chris7028 26 934,414,586,167,954
1344 Casey768 36 
1345 Drew8947 47 856
1346 Morgan7311 43 1760,843
1347 Riley3484 50 1548,661,4,328
1348 Riley5084 62 
1349 Taylor1755 25 347,210,176,791,63
1350 Alex3743 64 1890,437,248,1969
1351 Alex2458 59 1950,583,334,539
1352 Chris9914 62 899,1814
1353 Jamie7502 24 142,123,186,118
1354 Jamie3537 33 731,845,1092
1355 Riley6731 53 88,1380,1588
1356 Sam8218 28 304,1060,86
1357 Sam9571 28 1750,1686,1044,1401,558
1358 Alex2148 25 
1359 Riley1188 46 675,1122,1987,1131
1360 Taylor2969 58 328,1572,1397,206
1361 Alex2043 40 1197
1362 Jordan9565 63 1431,1112,935,1978,578
1363 Casey9151 62 1561,773
1364 Jordan3113 28 
1365 Jamie2090 49 895
1366 Chris3536 32 1485,147,1947,1735,1636
1367 Sam1523 64 817,59
1368 Alex8100 45 
1369 Riley8185 44 132
1370 Casey243 36 1632,693
1371 Alex9605 44 1830,718
1372 Riley4865 39 871
1373 Drew5914 21 
1374 Sam1537 36 1481,1232,1473
1375 Chris1596 49 278,625,409,1074
1376 Jamie8789 32 1813
1377 Jordan1860 53 880
1378 Alex8628 27 
1379 Jamie1569 61 
1380 Casey809 43 
1381 Morgan6433 28 1971,1271
1382 Chris5276 34 1755,1783,927,506,1974
1383 Riley6125 59 1780,1853,1819,1457,120
1384 Jamie6318 42 1457,929,747,1425,887
1385 Riley3853 58 1262
1386 Jordan8565 53 
1387 Alex6028 32 338
1388 Taylor3599 50 1244,945,70,1473,1974
1389 Riley5942 30 152,1111,161,898
1390 Riley7495 51 1292,409,1807,223,1617
1391 Drew4502 25 
1392 Morgan3464 54 292,1860,1692,675
1393 Chris8164 51 432
1394 Alex8879 45 
1395 Chris9349 44 1691,1570,551
1396 Alex6103 50 1314,502,1835
1397 Morgan429 37 307,1518
1398 Chris7402 46 794
1399 Drew2198 36 1088
1400 Taylor9764 59 1302,62,847,451
1401 Alex9698 21 1952,4,996,653,994
1402 Chris3630 63 1101,1765,452,1649,235
1403 Jamie4983 37 1531,695,1111
1404 Sam2496 20 457,1635,46,1787
1405 Riley1822 65 673,13,1518,151,687
1406 Alex5402 24 1447,516
1407 Sam9675 22 1277,1840,1142,1047,226
1408 Morgan9738 61 631,1548,776
1409 Chris7130 46 272
1410 Chris1600 41 544,975,1819,120,1444
1411 Sam7832 43 
1412 Morgan4062 60 1631,708,747,1802
1413 Jamie4020 22 1070,1555,1471,733,1033
1414 Drew7587 62 237
1415 Drew7639 26 
1416 Casey7038 50 185,1532,1280,1474
1417 Riley8033 60 1735,142
1418 Alex2253 50 1996,1316,516
1419 Riley9848 44 
1420 Alex4576 42 
1421 Jordan7147 35 778,805
1422 Taylor9647 25 760,25,958,434
1423 Morgan6774 21 1419,1415,848,1418,1375
1424 Alex9971 43 346,560,1309,759,1569
1425 Alex1076 61 1911
1426 Riley8756 31 
1427 Chris1737 65 1618
1428 Taylor9878 30 839
1429 Jordan3620 34 1242,811,972,783,1139
1430 Riley5196 60 769,1155,994,80,1567
1431 Casey3876 59 44,1432
1432 Alex6316 46 1460,751,1035
1433 Alex623 45 1155,339,144,788
1434 Taylor4807 47 1725,491,1524,1775,755
1435 Riley7716 20 1351,209
1436 Chris812 49 
1437 Jordan46 58 1877
1438 Jamie995 56 435,1712
1439 Jamie814 47 231,145,1862,413,1456
1440 Riley5243 49 1213,1760,1486
1441 Sam7368 25 
1442 Morgan3956 56 20,1640,17,54
1443 Casey4358 43 1458
1444 Taylor4526 45 373,1455,1304,825,1373
1445 Jamie4976 42 703,1584,769,1356
1446 Drew598 40 951,1002,1319,326,1764
1447 Chris6728 20 180
1448 Alex4665 41 107,519,1914
1449 Riley6296 45 1404,772
1450 Morgan4433 65 1231,389,351,1843,782
1451 Riley7681 61 41,489
1452 Sam5133 62 485
1453 Jamie4284 58 1770,92,232,164,628
1454 Chris6010 52 1705,1281,1657,1726,952
1455 Chris8334 41 476,804,856
1456 Morgan9481 27 1553,615,1246,1424
1457 Chris1215 24 
1458 Alex5373 35 1454,34,549
1459 Drew7657 45 363,1010,350
1460 Alex6570 30 1797,291
1461 Jordan3171 34 43,1555,1512,1938,1217
1462 Chris7012 23 523,1314,1330,131,1295
1463 Chris407 39 201,171,662,1121
1464 Jamie6136 29 
1465 Chris2122 23 279,121,483
1466 Drew7920 41 1559,129,726
1467 Riley7975 33 658,1549,1940,1781,801
1468 Jamie7396 24 1302,1881,322,1004,267
1469 Sam93 22 1797,921,205,177,956
1470 Casey6783 53 407
1471 Taylor1569 47 1215,49,1513,1759
1472 Chris4039 44 
1473 Taylor7853 21 1980,1,1698
1474 Taylor2445 53 1061,461,364
1475 Casey1317 24 517,927,1753,602,1307
1476 Chris5514 30 1559,1910,1326,1030,1591
1477 Jamie8890 49 498,1453,1576,1998
1478 Drew6892 31 1079,1262,1665,886,71
1479 Alex3932 42 
1480 Chris783 40 183
1481 Casey1223 55 1220
1482 Alex5608 62 540
1483 Drew3324 63 623,811
1484 Morgan2696 58 
1485 Jordan3420 36 787,1437,187,729
1486 Morgan4888 35 190,707,778,732
1487 Chris2374 21 1737,479,108,58
1488 Morgan8492 45 777
1489 Alex3144 52 1654,1988,720
1490 Morgan6149 21 1467,334
1491 Drew1801 21 
1492 Casey4298 64 
1493 Chris3483 56 488,370
1494 Riley9679 56 
1495 Sam347 33 689,2000
1496 Jamie2495 58 1257,235,1517,1937,930
1497 Chris3878 54 1808,211,1363
1498 Jordan1410 35 1881,1714,141,873,1324
1499 Chris9424 44 166
1500 Morgan6603 56 
1501 Chris1430 37 332,125
1502 Casey9751 51 1652,1775,626
1503 Chris4924 38 
1504 Chris6661 27 
1505 Sam1643 55 
1506 Drew651 33 954,623
1507 Morgan2622 60 80,444,1432,1709,365
1508 Riley5249 51 1103,875,1219,1073,1652
1509 Sam3791 62 
1510 Morgan6657 26 970,50
1511 Chris8391 64 
1512 Sam6136 20 1658,274,980,548,1370
1513 Chris4538 57 110,294,1771,1822
1514 Chris8488 51 503,627,1555
1515 Drew7853 24 1242,198,760,1700
1516 Chris7477 42 489
1517 Jordan1709 40 1227,1267,341,303
1518 Taylor8797 53 1878,1252,1582,675,502
1519 Casey5896 45 956
1520 Taylor7337 59 757,223,249,475
1521 Jamie5888 35 1420
1522 Jordan2984 59 749,1010
1523 Casey7033 41 1347,772,1872,1851,1813
1524 Jamie4463 40 1970,1655,658
1525 Taylor9444 35 230,1447,1524,1241,142
1526 Morgan9566 39 1368,329,896
1527 Casey6633 22 1921,1687,716
1528 Jamie8547 36 1696
1529 Casey4634 65 320
1530 Jamie2082 56 519,425,1212
1531 Riley6784 37 40,650
1532 Alex5530 56 1108
1533 Taylor4161 45 173,375
1534 Riley1599 49 1545,1716,254,818
1535 Morgan4077 38 882,579,663,1566
1536 Jordan5730 57 1803,507,1013
1537 Taylor9906 28 
1538 Riley331 62 1282,84,1667
1539 Casey9031 33 154,1364,398,1092,1703
1540 Morgan9158 58 
1541 Sam213 40 23,320,552,405,717
1542 Jordan9782 28 388,993,859,1978
1543 Drew6403 53 1033,1376,283,716,1582
1544 Sam6020 34 69,73,1717
1545 Alex1662 51 1789,1667,195,1733
1546 Riley8457 65 66,128
1547 Jordan7683 65 1907,158
1548 Chris7332 52 
1549 Alex7495 31 30,1749,1768,1442
1550 Morgan2931 59 438,1440
1551 Riley8968 42 
1552 Riley7674 42 741,252,1805,1117,1526
1553 Chris9684 51 923,457,1301
1554 Jamie3943 58 432,1301,201,1719
1555 Jamie8674 24 25,698,740,1208
1556 Morgan6229 24 1869,304,865,541
1557 Sam1881 65 749,10,1086,702
1558 Taylor1996 60 805,1026
1559 Morgan1431 43 1260,639,1338
1560 Riley737 21 1467,738
1561 Sam1732 34 875,1528,1874,1614
1562 Drew9690 31 
1563 Alex3519 23 1570,235,1820
1564 Chris5812 21 1537,1145,57,1643,507
1565 Riley4085 57 1233,1095,302
1566 Riley7396 63 838,1935
1567 Drew4609 37 1396
1568 Jamie3969 22 297
1569 Sam3253 20 1009
1570 Taylor3533 23 1228,365,933,1382,902
1571 Morgan6781 28 82,596,1764,429,277
1572 Riley9362 41 214,1046,365,155,1324
1573 Sam1969 40 850,679,1184,1032
1574 Drew4495 58 902,994,1757,669
1575 Morgan6807 30 844,1955,1474,192
1576 Drew1808 59 808
1577 Alex2023 30 1972,1666
1578 Morgan9107 26 370,1145,257,1603,1004
1579 Chris2045 26 703,639
1580 Drew9001 23 116,401,134,302
1581 Drew898 37 1664,484
1582 Morgan1294 62 787,716,881
1583 Drew4732 20 
1584 Chris9966 25 572,172,214,264,372
1585 Casey904 23 81
1586 Alex1488 38 1233
1587 Casey4983 25 44
1588 Jamie2628 20 1709,68,15,268,338
1589 Jordan1415 41 528,1908,553
1590 Taylor5223 52 1536
1591 Taylor9219 52 
1592 Sam3112 24 1054,447,1165
1593 Taylor4344 41 743
1594 Riley3055 53 342,1221,15,764,1904
1595 Drew4967 56 1594,1482
1596 Taylor6293 25 426
1597 Jamie1247 24 1139
1598 Sam908 32 467,1068,772,1065
1599 Drew2127 44 959
1600 Sam5928 26 230
1601 Alex5449 58 
1602 Chris9090 65 621,1739,1777
1603 Taylor1771 22 921,1399,1891
1604 Taylor2696 48 1747,1113
1605 Chris6338 42 1675,1906,291,1467
1606 Chris3769 21 329,1585
1607 Taylor5394 40 642
1608 Riley3488 52 
1609 Jordan8426 24 638,1224,23,918
1610 Casey8605 58 110,319,860,470
1611 Sam8428 64 486,891,1570,1937
1612 Sam6885 27 409
1613 Jamie3605 55 1830,1235
1614 Casey3258 45 484,836,1882,1524
1615 Jamie3904 29 
1616 Taylor5927 33 541,997,1726,371
1617 Chris8936 64 
1618 Taylor8926 25 992,1138,80,998,1215
1619 Drew5421 26 
1620 Riley1958 54 1249
1621 Morgan5653 34 1451,918,1085,120,407
1622 Jamie4757 46 1673
1623 Chris7982 25 1399
1624 Casey3986 35 1225,1952
1625 Jordan9088 56 464,1037,186,1486
1626 Sam952 54 
1627 Chris2461 25 883,284,818,283
1628 Casey5650 30 1523,854,1402,1305,544
1629 Jordan5579 25 251,598,1262,44,768
1630 Sam5348 52 409
1631 Sam4583 43 
1632 Sam8832 39 
1633 Chris5524 21 45,905,772,1587,1617
1634 Alex2222 27 1889,628,78
1635 Casey9346 30 1977,81,1825,1559
1636 Jamie9035 22 1997,1009,1002
1637 Morgan4691 50 980,1293,44
1638 Casey7657 51 375,1196,91
1639 Alex5662 37 641,1757
1640 Taylor4771 59 
1641 Jamie9314 29 
1642 Taylor8851 62 1291,1333,1010,1132,1663
1643 Morgan204 28 1183,1967,1161,808
1644 Drew2027 60 100,1840
1645 Alex3351 26 608,1876,236
1646 Chris2683 21 1712,1124,1644
1647 Alex2250 41 1438
1648 Sam1459 49 1000
1649 Jordan651 50 906,572,1005
1650 Jamie339 28 168,1676,188
1651 Riley2728 28 
1652 Drew8302 43 1532,950,1169
1653 Morgan5721 52 841,317,1638,437,1734
1654 Alex6586 56 1739,442,1925,921
1655 Jamie7137 55 1359,520,769,1374,1677
1656 Taylor4659 23 924
1657 Drew8372 51 1132,1783
1658 Jordan1133 50 222
1659 Jordan8632 54 1261,763,785
1660 Riley1097 64 1859
1661 Riley1076 38 1272,1701,831
1662 Alex9899 62 1915,46
1663 Taylor2862 60 411
1664 Drew6759 61 30
1665 Casey6312 35 42,21
1666 Drew9837 45 
1667 Chris6890 22 438,1886,313,1424
1668 Drew3045 41 843,1994
1669 Casey403 64 566,1287,1859
1670 Riley7052 58 1765,1637,1415,1357
1671 Taylor1197 46 863,213,1958,1949,515
1672 Jordan8206 52 1350,1605,918
1673 Sam5573 56 1575,1521,1128,1121
1674 Casey8158 60 1737,1020,1030,165
1675 Riley5338 24 887,275
1676 Casey4520 32 856
1677 Morgan1575 22 200,631,899
1678 Drew4093 30 407,836
1679 Jordan160 30 906
1680 Alex8176 62 992,775,879
1681 Casey4280 20 684,1736
1682 Jordan7398 30 673,1399,1774
1683 Riley3923 35 811,921
1684 Jamie9742 56 1714,1882,890
1685 Drew987 34 476,916,458
1686 Jamie6580 52 694,371
1687 Alex2060 23 117,831,1284,1100,1492
1688 Chris7112 31 
1689 Riley7476 55 
1690 Sam7162 43 1499,1218,1605,1910,253
1691 Alex6099 35 
1692 Sam9064 53 1116,1841
1693 Casey3682 65 143,904,959,66,368
1694 Sam9577 22 26,103
1695 Alex623 60 534,215
1696 Drew2394 44 455,1301,1634,929
1697 Jordan1578 41 400,340,767,788,106
1698 Chris6954 28 779,1882,543
1699 Jordan7218 64 472,651
1700 Chris7641 42 
1701 Sam4554 56 1562
1702 Sam9796 53 197
1703 Riley3238 48 
1704 Alex6833 60 1914,694,258,730
1705 Chris7477 40 129,608,1391,730,763
1706 Chris8496 33 1777,787,291
1707 Morgan1774 33 828,260,1785,572
1708 Taylor4520 31 595
1709 Casey8036 21 1207,804
1710 Drew3756 49 
1711 Sam1316 64 1014,1629,1645
1712 Chris7846 33 195,1105
1713 Casey8643 21 
1714 Drew739 32 1572,1331
1715 Alex4387 54 1021,547,93,17,1000
1716 Casey1482 53 1581
1717 Chris9711 36 1742,944,1578,321,1554
1718 Drew7966 22 77
1719 Chris1580 38 1451,693,892,889
1720 Sam4609 35 987,1628
1721 Alex4755 59 
1722 Morgan6497 36 1786
1723 Morgan8622 42 1254,1965,1057
1724 Alex9767 24 1805,1140,1863
1725 Sam3550 50 1527,315
1726 Morgan5449 27 8,1893,620,1896
1727 Sam8753 53 349,1665,600,1746,1427
1728 Sam6975 24 1921,1663,428,1404
1729 Jamie1583 30 
1730 Alex4081 50 1942,708
1731 Drew5900 40 
1732 Casey7742 53 476
1733 Drew2876 22 
1734 Taylor4598 29 1599,1381,1149
1735 Alex9092 25 941
1736 Morgan2072 41 1210,1382,135
1737 Morgan4088 47 15
1738 Jamie626 65 688,669,877,1212,1218
1739 Taylor3689 37 1943,1840,1654
1740 Casey4808 54 567,1260,1848,577,1693
1741 Chris3509 59 1385
1742 Riley4810 49 1838,1574,1118
1743 Jamie4784 65 
1744 Morgan8304 32 1372,651
1745 Drew2789 39 
1746 Casey3117 47 1823,705,523,1085
1747 Jordan9296 28 620
1748 Drew7449 46 345,1854,561,592,81
1749 Sam5171 36 
1750 Riley8121 44 217,1892
1751 Jamie8879 62 217,796,1050,1400,1431
1752 Jordan7329 57 
1753 Drew4742 45 1286,163,1031,1046,1366
1754 Sam4041 30 1533,1051
1755 Drew7969 38 1951,1935,502
1756 Riley1738 38 1299
1757 Chris5093 34 1903,984,1449,741,774
1758 Drew4335 65 79,149,199,973,1933
1759 Taylor5874 50 1252,1928
1760 Jordan3654 42 1011,643,882
1761 Morgan1810 25 593,1491
1762 Jamie4445 30 1155
1763 Alex5526 40 695,1004,978
1764 Drew4410 39 
1765 Alex8156 29 1851,1549
1766 Morgan9733 41 1482,291,265
1767 Jordan6452 65 
1768 Riley6138 59 1536
1769 Taylor2904 24 611,514,1621
1770 Taylor4024 44 1273,712,485,450,329
1771 Sam979 25 1565
1772 Jordan416 42 179,1376
1773 Morgan9899 39 1617
1774 Alex6698 56 
1775 Morgan8078 40 788,250
1776 Sam1287 44 756
1777 Chris4920 60 967
1778 Riley8802 53 1394
1779 Casey991 51 995
1780 Drew310 20 1354,1446
1781 Chris6858 36 76,1289,650,1130,1957
1782 Alex6660 57 172,1304,176
1783 Chris2982 41 608,874
1784 Jordan3637 54 927,640,1269,474
1785 Chris2682 36 1428,1285,1052
1786 Alex9847 28 547,43,594,1531,766
1787 Jordan9854 28 195,1887,880
1788 Drew6150 25 
1789 Jamie2725 49 998,1543,681
1790 Jamie1086 45 
1791 Jamie1332 26 1343,1104,1816,308
1792 Alex2472 25 1973,1878,411,1241,791
1793 Alex9638 48 
1794 Riley6878 41 48,1756
1795 Riley1051 46 1978,1735,35,462,933
1796 Morgan8356 51 1342,764,234,139
1797 Drew7941 30 1129,521
1798 Drew3845 58 1866
1799 Sam2451 21 995
1800 Casey6960 40 218,1623,1271
1801 Morgan6626 41 589,1775,1855,188
1802 Alex2161 57 1942,153
1803 Riley3189 27 748,849,78,1831
1804 Sam8305 30 
1805 Jordan114 53 1660,828,1350,407
1806 Alex1557 61 1083,1359,1163,715
1807 Casey2803 58 1067,962,1788,906,923
1808 Jamie4629 60 
1809 Casey6460 36 1558,1447,1084
1810 Sam1167 45 364
1811 Morgan9598 49 425,1151,1984,646
1812 Taylor1508 20 352
1813 Drew8041 24 364
1814 Sam2166 53 471,1674,1773,1920,1349
1815 Chris2814 21 1385,882,981
1816 Jordan2551 55 1589,1490
1817 Riley2977 33 125,880,367,318
1818 Taylor2074 60 1068,701,1344
1819 Jordan6698 36 1774,641,14
1820 Riley8887 54 1991
1821 Casey7313 37 980,189,483,1420,49
1822 Alex7876 41 505
1823 Jordan4643 27 11,247,1062
1824 Sam9080 39 306,1977,990,123
1825 Riley7365 20 1409
1826 Chris2357 20 1959,1906
1827 Alex4231 50 745,27
1828 Jamie2283 64 1484,48,1955
1829 Casey9640 63 
1830 Casey1089 40 1671,710,1820,851,1642
1831 Casey4778 31 1667
1832 Morgan3159 65 1458,1837
1833 Sam1401 31 1627,419,1455,974,1081
1834 Casey5593 42 1083,476,221,1178
1835 Drew6049 47 839,1099
1836 Taylor6760 21 
1837 Drew6917 40 1340
1838 Morgan3640 39 835,1955
1839 Casey6183 45 1701,734,1818,650,988
1840 Sam8509 45 829,734,694,1757
1841 Chris9240 42 
1842 Morgan5006 40 505,1080,1814,1323
1843 Sam3118 28 307,173,156,789,607
1844 Taylor5859 38 
1845 Taylor340 32 1409,1348,711
1846 Casey1224 47 432,324
1847 Sam4495 44 1091,478,486,526,1920
1848 Chris5551 32 786,627
1849 Morgan6247 62 785,207
1850 Casey4467 43 1917,1927,1742,1223,546
1851 Taylor8693 59 1932,1320,1737,581,871
1852 Riley6120 54 363,568,1616
1853 Alex549 55 1826,1129
1854 Chris1693 57 1488,1955
1855 Jordan9198 24 1872,878,1742,1859
1856 Jamie3166 55 714,1016
1857 Taylor1800 33 1330,978
1858 Morgan3716 64 
1859 Taylor8983 45 25,621
1860 Jordan982 43 1979
1861 Jamie6349 46 886,615
1862 Drew3140 24 
1863 Taylor6295 46 1202,1565,1021
1864 Chris7460 61 628,1517,1477,600
1865 Casey4812 50 1897,1853,1105,462,1415
1866 Alex9382 48 91,715,134,167,418
1867 Taylor6794 50 1647
1868 Riley3105 38 498,1394,1969,395,261
1869 Jamie6377 22 249,716,944,1311
1870 Taylor4122 59 
1871 Chris6796 49 1722
1872 Jamie1015 58 67,1755
1873 Chris2487 24 1428,375
1874 Riley5038 33 1931,182,1502,346,682
1875 Drew6261 57 376,1104,122
1876 Riley7283 38 1468,836
1877 Drew1601 61 458,790,1656
1878 Morgan6495 49 1469,668,46,1115
1879 Jamie3584 45 
1880 Taylor4006 40 132,1184,1399,954
1881 Morgan2639 60 
1882 Jamie6548 49 594
1883 Chris3473 29 849,170,1950,1681
1884 Casey6566 44 
1885 Sam2262 65 628,103,1393,1713
1886 Drew2742 29 1081,817,1605
1887 Alex8181 62 21,1954,1556,385
1888 Casey3885 32 
1889 Jordan6926 64 
1890 Drew3955 20 812
1891 Casey6954 53 164,1003,592,856
1892 Alex6693 25 1332,255,339,259,1093
1893 Drew158 54 605,955,1539,819
1894 Taylor5483 27 
1895 Sam1734 51 1984,217,1470,1216
1896 Morgan9301 32 
1897 Taylor3424 65 458
1898 Casey1986 61 
1899 Chris4784 34 895,1881,1326
1900 Alex6566 25 42,1925
1901 Jamie3886 24 1366,1757,1991
1902 Morgan7009 45 596,1371
1903 Alex6173 60 1228
1904 Casey4918 48 624,870,2,126,937
1905 Riley9928 46 121,1549,756,815,573
1906 Jordan6921 47 
1907 Riley452 64 1224,1316
1908 Casey5299 41 713,1789,220,218
1909 Riley9021 37 485,1296,999,523,414
1910 Jamie4201 22 
1911 Chris106 49 430,678,1313,666
1912 Alex7343 33 1928,1183,1559,167,962
1913 Alex8950 60 1982
1914 Jordan8624 57 1259,1911,1997
1915 Taylor712 41 1985,1891,810,29
1916 Taylor1988 60 
1917 Jordan5604 38 731,985,1681,1072,648
1918 Drew3197 48 1882,1104,1666
1919 Chris8606 24 1384,1740,489,527
1920 Jordan4087 28 557,465,1155,573
1921 Casey9981 21 26,1604,1226,747,771
1922 Morgan795 38 553,121,739,972
1923 Drew5195 24 719,271,1528
1924 Alex8992 53 1566,1967
1925 Morgan3675 54 1661,100,528
1926 Jamie9650 58 1842,812,23,1676,402
1927 Casey8880 24 
1928 Alex8706 21 1131,1548,1391,1907,892
1929 Jordan7976 49 1648,1793
1930 Sam8043 38 
1931 Morgan8289 23 898
1932 Casey2144 32 1108,299,689,1950,54
1933 Drew8085 41 1790,704,872,251
1934 Riley869 38 1918,365,582,1297,1264
1935 Alex2458 44 131
1936 Jamie5113 23 96,702,907,275
1937 Chris4830 32 1023,452,244,1262,494
1938 Sam9458 47 68,1668
1939 Sam8235 32 
1940 Riley251 47 1841,1468,765,1960,1712
1941 Drew6716 31 
1942 Sam7944 36 
1943 Morgan6090 56 
1944 Jamie4511 43 609,357,1090,1582,1216
1945 Chris243 33 448,289,445,187
1946 Alex2807 20 1859,795,1121
1947 Taylor9709 39 1571
1948 Morgan757 46 1581,144,1465,1836
1949 Drew667 59 663,500
1950 Riley6168 43 369,945
1951 Casey2045 29 1859
1952 Alex515 61 
1953 Alex6771 45 1036,1471,668,199
1954 Alex9206 27 302,861,748
1955 Sam6812 55 
1956 Drew3864 58 
1957 Chris5040 56 
1958 Casey4582 21 
1959 Sam6653 25 1016,1141,1234
1960 Taylor8587 46 1742,313
1961 Casey2288 56 
1962 Jordan8741 39 1115
1963 Sam5520 62 1885
1964 Casey9221 34 732,324,1937,1780,1674
1965 Morgan4755 63 
1966 Drew8002 33 466,1361
1967 Jordan3680 34 687
1968 Riley1915 60 1643,674,1854,1444,875
1969 Taylor738 41 
1970 Drew5327 47 
1971 Sam9280 48 543,76,1740,986,251
1972 Riley5356 56 1246
1973 Sam3476 64 275,1945
1974 Jamie9340 42 1210,557,1370,1382
1975 Taylor3586 65 670,996,1513,366,902
1976 Casey4306 23 1931,1703,281,47,14
1977 Taylor572 27 1971,851,759,1187
1978 Taylor4644 47 600,521,1092,46
1979 Sam2324 28 1512,1803,648
1980 Riley5739 43 275,1299
1981 Taylor3444 31 628,1902
1982 Morgan4498 62 1009,408,555
1983 Sam2106 33 
1984 Taylor3692 31 542
1985 Chris7136 62 666
1986 Jamie9329 55 
1987 Taylor8264 48 
1988 Jamie4970 20 729,1179
1989 Riley5699 53 495,1633,305,1101,967
1990 Morgan9766 60 375,555
1991 Jordan9894 27 1920,142,1884,613,390
1992 Drew7174 30 1121,1575
1993 Alex3543 22 1375,1267,1775
1994 Chris8922 28 466,1179,1947
1995 Taylor1399 23 684,523,1927
1996 Morgan4230 20 326,992,1853,1269
1997 Jamie207 62 739
1998 Chris6100 34 
1999 Riley5498 41 28,1524,742,1688,1580
2000 Morgan8553 39 1068,1439
